NEWC #  197, 198, 219
19701
19731
19809
21911
21913
19732
21914
19733
21915
19804
21916
19803
19702
19734
19703
21912
21917
19801
21918
19801
19706
19802
21919
19803
19809
19804
19810
19805
21920
19806
21921
19807
21922
19808
19805
19809
21930
19810
19807
19840
19884
19850
19707
19880
19708
19884
19720
19885
19808
19886
19709
19887
19710
19888
19721
19889
19702
19890
19711
19891
19712
19893
19713
19894
19714
19896
19715
19897
19716
19898
19717
19899
19718
19735
19725
19736
19726
19720
19804
21901
19730
21902
21903
21904